Ruletka: 332.0, 4225.0, 631.0302352941176
Ruletka: 682.0, 7245.5, 2561.2143921568627
