Mutacja(0.05): 378.0, 3869.5, 619.111568627451
Mutacja(0.1): 336.0, 4120.0, 608.0148235294118
Mutacja(0.15): 238.0, 3762.0, 621.4221862745098
Mutacja(0.25): 252.0, 4178.5, 670.9320098039215
Mutacja(0.4): 294.0, 4503.0, 864.8866862745098
